structure(list(datmat = structure(list(x1 = c(33.8936837774485, 
26.7412794175225, 34.641872135399, 19.7248618215909, 31.9789017059138, 
30.9587023735175, 25.1480294918921, 17.4054477032463, 31.9365388848041, 
41.196742997831, 19.7418103020693, 28.809790448852, 18.2490802664727, 
36.9799666287752, 25.4679957559075, 28.1300514935075, 17.5934242223451, 
24.7620569664141, 34.3582727706483, 34.9502460198378, 35.605799602291, 
36.1425524918321, 31.2466906796038, 35.0451219781996, 42.0584397677643, 
30.6131209013549, 28.6328042077244, 18.2732316594962, 23.538915179441, 
36.5098990742737, 40.6763284745076, 31.3179297169201, 28.3657632682701, 
28.1998839786416, 34.5684808904119, 33.9334279949805, 51.7564477607933, 
28.9691084861865, 22.4907231329082, 23.4234773725835, 27.3986738464689, 
25.6449666497526, 20.687238547108, 37.2290350334009, 32.6137766362035, 
27.8431853979489, 23.8700321451612, 19.6627274029022, 27.6265783372739, 
28.5711459675395, 27.3767193303266, 33.4796555524972, 29.5638966221041, 
24.2220006769946, 36.3775049045817, 39.0926948793935, 29.3237163552218, 
39.7587605579808, 35.772867663687, 37.0444290253998, 25.6193794304687, 
27.840348323636, 14.7166192181609, 38.8343530562738, 31.3780943030453, 
36.6360030440711, 26.0613220424029, 30.3911214275065, 30.2051084808195, 
23.231233841664, 22.6475905918891, 24.589749046624, 34.234495566031, 
15.4599560897094, 30.839468965672, 36.4935599259892, 33.4113967468172, 
31.4745950667053, 32.3312404036377, 35.5531795839087, 22.7347110345498, 
22.3957411345526, 32.1200433820796, 47.5565825968005, 26.1402673126649, 
36.661790898939, 22.2806103851433, 22.2299020597261, 32.0769081465254, 
27.2333799674683, 30.7237143838634, 30.6435250506116, 29.6007423728576, 
37.997701107783, 29.9509519848815, 20.7641025716091, 24.809885339043, 
33.2767906872381, 29.3089398639339, 35.0356559547026, 28.17175277454, 
27.2613276456933, 24.0141638651759, 29.8292705067552, 24.0258154950663, 
22.7534278740292, 26.8179978863473, 20.9337315720195, 27.217254821761, 
33.158360132682, 20.3725228138968, 22.8079351320647, 33.1230135927897, 
20.3594053932772, 33.6697006395286, 28.8082714618238, 15.0971162531178, 
35.4156926994872, 25.0842546485446, 26.7460719028494, 29.4591681308494, 
32.4758760799485, 28.2805190282255, 38.2095287968248, 31.4356768106647, 
25.2094390569147, 30.369381307176, 20.5846222704843, 24.5490730022687, 
26.73490554031, 21.4190287266068, 30.482907837476, 14.9190689982894, 
31.6028022158118, 28.8527347285593, 33.9152197871089, 33.7089039473245, 
28.1026803660537, 29.0723143806249, 26.3510635867346, 29.2313531562141, 
25.0435826924166, 32.7022963965432, 34.2652049612449, 21.514055692141, 
40.2499680947742, 19.5667235271611, 20.5523831464142, 37.3386244404569, 
27.7792701808077, 32.6510117640212, 30.8338904314193, 37.4405944056886, 
30.224702021939, 23.9976890786208, 17.9678434784126, 34.7275119752614, 
31.6914603604071, 35.1267170421232, 33.291352168673, 23.2002730814698, 
22.9032647902033, 25.5625327260582, 24.0819960882277, 27.4671429779425, 
37.2488116463083, 30.1851777905128, 36.0469155822868, 28.3265883661311, 
30.356869233354, 27.3986980157103, 27.9110563134279, 38.1960140181807, 
26.0765367771409, 26.3352624529417, 31.3901982910464, 23.7430313957584, 
23.9160487280622, 25.5421298391482, 24.1038312495141, 25.2726807790095, 
24.3644683430161, 31.025353824694, 26.7915726377598, 40.9238134238452, 
25.9950555421537, 19.8762505804344, 13.8521501840278, 33.7165699842655, 
23.4300226219806, 25.7711862623715, 27.3778623979303, 26.9948640084541, 
30.6203400530821, 9.656991824125, 26.1307209482008, 20.6344758792636, 
31.4417335705522, 37.2467360547756, 33.4788071409458), x2 = c(27.8306135972146, 
22.2883084479502, 18.7403340152467, 17.4238429098699, 17.5574605324995, 
24.3756945848053, 15.4603269759195, 21.4489718947108, 19.066689727277, 
35.4547254700666, 18.7423632138589, 16.8970767049305, 22.4525766741858, 
22.9357085726663, 18.0212776759326, 20.9767784220411, 21.6734636363222, 
27.8510251691856, 27.224939112442, 32.7536537888157, 29.9756819937842, 
33.3266764794005, 18.6088704153356, 27.5567362897496, 24.5933514360032, 
28.718519632096, 30.6498065724564, 16.7454349001704, 21.9281545542421, 
36.7978046964357, 26.0569861467982, 22.5688734668772, 27.8750361926343, 
16.9886713397091, 31.4403735121795, 24.3158601065535, 26.0034012364745, 
24.4408527364185, 24.7793605446037, 21.845718390248, 23.520995253807, 
17.8746569245827, 16.4826240091446, 27.3123441816281, 25.2406197548944, 
29.4846749220835, 14.8101202547907, 17.2377956624094, 25.9363627383461, 
18.5138224177498, 18.673741936932, 21.9342970290648, 29.0454902177748, 
21.498000764633, 33.2582279210377, 24.4809657506698, 30.5086744685502, 
33.4408165135021, 32.1867499723915, 29.7889626313477, 24.1157907882633, 
23.5397344352778, 13.356789857337, 21.9154992769514, 26.2239126086373, 
24.980779271416, 28.6072865775156, 26.9264791336929, 26.2195092795414, 
20.1272863757088, 18.86938289516, 25.4660619108095, 31.466727667999, 
21.6172743500828, 29.0358626612461, 25.1170663178682, 18.3771477949505, 
30.4124174890501, 30.5670601543788, 29.8447192264139, 22.2065463855033, 
20.5042700330984, 28.5434210949233, 22.5128589692371, 27.4120820063909, 
30.1178195194837, 15.0088239593898, 14.9992375663548, 26.6303698235232, 
19.3983311051922, 24.1248129831078, 27.7936599829759, 22.0118818509402, 
25.3577668165479, 25.9965906644404, 24.4129185102126, 24.507011251523, 
20.8557952981833, 25.092732137981, 23.8627024228856, 21.6371427154334, 
17.5287630462993, 21.3579566598946, 25.3099642887001, 21.3814102431258, 
23.1451070111683, 23.4535566104909, 29.399316836986, 27.9397106422768, 
23.4048198390129, 23.4438395114122, 25.8500691850237, 21.7901135074834, 
25.0694584384258, 21.331254463618, 32.9294103999311, 24.3623595860415, 
20.2647878351668, 30.6950883774941, 18.0325906710031, 19.6967771170311, 
20.9605802584385, 20.810103185612, 23.2668317020966, 23.665762158235, 
21.7158081476853, 26.5781695219041, 19.0248521292983, 25.3556332509338, 
23.8085982796886, 24.9331841673038, 26.003937293179, 23.0500285532633, 
30.5570360813395, 23.7876778792729, 26.1310261133047, 30.1107562598896, 
24.631667829529, 27.0423250400923, 23.5008888976731, 29.0509808932124, 
25.0435966888884, 23.5237159129482, 25.4008604025999, 22.2562172127332, 
21.4246477434939, 25.7271294489144, 26.6915388432243, 25.9328058089556, 
27.608971776002, 25.4701848722617, 20.3836372163424, 23.7701243553348, 
25.8261341689188, 21.5722542158663, 17.22308653278, 27.0131855756575, 
26.9685336873201, 30.068171675249, 22.1215211433838, 17.0719053561905, 
31.7836062261042, 32.214797238088, 29.3606686073173, 22.3440767259813, 
27.4083988162806, 26.8798572185328, 20.8153420408908, 24.4499616076557, 
20.405608032117, 21.1756763630666, 20.6130939394027, 27.5376566831348, 
23.5761639248893, 31.8991025997127, 26.7768646164906, 29.3852039163274, 
22.2133393091468, 23.094081746381, 28.1198790700636, 24.7484561239523, 
30.9445986852464, 24.7184916062097, 23.8679436362981, 29.9805145177866, 
26.4843082987889, 19.9879975935253, 30.9533423989152, 24.3582346519732, 
15.9640291014912, 25.892112385993, 21.7151379233911, 26.0293924753598, 
26.1630764566185, 20.8885712089538, 20.8155859249622, 22.2901442251241, 
27.9974001212542, 26.0817550674142, 28.5320042174622),